50 104 4
1 2
2 3
2 4
3 4
3 7
4 5
4 6
5 6
6 7
7 8
7 9
8 9
8 10
9 10
10 11
11 12
11 22
12 22
12 21
12 13
13 21
13 15
13 14
14 15
14 17
15 21
15 16
16 21
16 20 
16 19
16 17
17 19
17 18
18 19
18 39
18 40
19 20
19 37
19 39
20 21
20 24
20 31
20 32
20 35
20 37
21 22
21 24
22 23
22 24
23 25
23 26
23 24
24 26
24 28
24 29
24 31
25 26
26 27
26 28
27 28
28 29
29 30
29 31
30 31
30 33
31 33
31 32
32 33
32 34
32 36
32 35
33 34
34 36
34 39
35 36
35 37
36 37
36 40
36 38
37 41
37 38
38 43
38 41
38 40
38 44
39 48
39 47
39 40
40 47
40 44
41 42
41 43
42 43
43 44
44 47
44 46
44 45
45 46
45 50
46 47
46 48
47 48
48 49
49 50